{
  "advancedEditorSelectedIdentifier" : "BehaviorsPluginID",
  "openSceneRelativePaths" : [
    "MedievalScene.usda",
    "TechArt\/Shaders\/PBR_Material.usda",
    "Goblin.usda",
    "FullImmersive.usda",
    "TechArt\/ParticlesEmitter\/BlackHole.usda",
    "TechArt\/Mesh\/Flintlock_Gun.usdc",
    "Gun.usda",
    "TechArt\/Mesh\/Bullet.usdc",
    "Bullet.usda"
  ],
  "recentIdentifiers" : {
    "355ECB80-479A-4960-A991-FDFA713CEE69" : [

    ],
    "561C32B3-DFBD-4791-9534-E00AA01D8E9D" : [

    ],
    "8226F3B9-CF5B-45EF-B8A6-1BE3066E991A" : [

    ],
    "ECA34E16-F0F0-46AA-85B8-9607E59DD404" : [

    ],
    "EE76206E-FC29-496B-B0FA-932275690FEE" : [

    ]
  },
  "sceneCameraHistory" : {
    "203BBB95-E55C-403F-B523-653A00B7E42E" : [
      {
        "date" : 804667725.191983,
        "title" : "Untitled",
        "transform" : [
          0.9711974,
          1.6187829e-10,
          0.23827657,
          0,
          0.14674109,
          0.7878686,
          -0.59810555,
          0,
          -0.18773063,
          0.6158435,
          0.7651759,
          0,
          -5.1682563,
          16.954277,
          21.065422,
          1
        ]
      },
      {
        "date" : 804667553.346226,
        "title" : "Untitled",
        "transform" : [
          0.9711974,
          1.6187829e-10,
          0.23827657,
          0,
          0.14674109,
          0.7878686,
          -0.59810555,
          0,
          -0.18773063,
          0.6158435,
          0.7651759,
          0,
          -6.842507,
          22.446596,
          27.889542,
          1
        ]
      }
    ],
    "34D5845C-B0F2-4043-AFA8-624917500BBE" : [
      {
        "date" : 804675588.713251,
        "title" : "Untitled",
        "transform" : [
          0.7571956,
          -2.8887257e-09,
          0.6531882,
          0,
          0.03819011,
          0.9982894,
          -0.04427112,
          0,
          -0.6520709,
          0.0584672,
          0.7559003,
          0,
          -8.914918,
          6.2453084,
          10.032892,
          1
        ]
      },
      {
        "date" : 804675574.722031,
        "title" : "Untitled",
        "transform" : [
          1,
          0,
          0,
          0,
          0,
          0.7071069,
          -0.70710677,
          0,
          0,
          0.70710677,
          0.7071069,
          0,
          0.12671277,
          0.63035834,
          0.20426372,
          1
        ]
      },
      {
        "date" : 804675569.962906,
        "title" : "Untitled",
        "transform" : [
          1,
          0,
          0,
          0,
          0,
          0.7071069,
          -0.70710677,
          0,
          0,
          0.70710677,
          0.7071069,
          0,
          0,
          3.0768726,
          3.076873,
          1
        ]
      },
      {
        "date" : 804670847.028259,
        "title" : "Untitled",
        "transform" : [
          1,
          0,
          0,
          0,
          0,
          0.7071069,
          -0.70710677,
          0,
          0,
          0.70710677,
          0.7071069,
          0,
          0,
          2.5294716,
          2.529472,
          1
        ]
      }
    ],
    "355ECB80-479A-4960-A991-FDFA713CEE69" : [
      {
        "date" : 804739642.871577,
        "title" : "Untitled",
        "transform" : [
          0.9932138,
          -2.543602e-09,
          0.1163032,
          0,
          0.08716153,
          0.66207933,
          -0.74434793,
          0,
          -0.077001944,
          0.74943376,
          0.6575864,
          0,
          -21.429062,
          10.817016,
          11.274262,
          1
        ]
      },
      {
        "date" : 804739636.252175,
        "title" : "Untitled",
        "transform" : [
          0.9932138,
          -2.543602e-09,
          0.1163032,
          0,
          0.08716153,
          0.66207933,
          -0.74434793,
          0,
          -0.077001944,
          0.74943376,
          0.6575864,
          0,
          -17.489101,
          16.751001,
          17.459084,
          1
        ]
      },
      {
        "date" : 804739613.542299,
        "title" : "Untitled",
        "transform" : [
          0.9932138,
          -2.543602e-09,
          0.1163032,
          0,
          0.08716153,
          0.66207933,
          -0.74434793,
          0,
          -0.077001944,
          0.74943376,
          0.6575864,
          0,
          -19.36081,
          13.932019,
          14.52094,
          1
        ]
      },
      {
        "date" : 804739051.957787,
        "title" : "Untitled",
        "transform" : [
          0.9932138,
          -2.543602e-09,
          0.1163032,
          0,
          0.08716153,
          0.66207933,
          -0.74434793,
          0,
          -0.077001944,
          0.74943376,
          0.6575864,
          0,
          -13.489691,
          17.71301,
          15.152696,
          1
        ]
      },
      {
        "date" : 804675656.184468,
        "title" : "Untitled",
        "transform" : [
          0.9932138,
          -2.543602e-09,
          0.1163032,
          0,
          0.08716153,
          0.66207933,
          -0.74434793,
          0,
          -0.077001944,
          0.74943376,
          0.6575864,
          0,
          -18.874279,
          24.783394,
          21.201092,
          1
        ]
      },
      {
        "date" : 804675621.092693,
        "title" : "Untitled",
        "transform" : [
          0.9998663,
          -2.914013e-09,
          -0.016351001,
          0,
          -0.011171424,
          0.7302076,
          -0.68313396,
          0,
          0.0119396355,
          0.6832253,
          0.73011005,
          0,
          -25.455435,
          4.779685,
          5.261281,
          1
        ]
      },
      {
        "date" : 804675618.685862,
        "title" : "Untitled",
        "transform" : [
          0.9998663,
          -2.914013e-09,
          -0.016351001,
          0,
          -0.011171424,
          0.7302076,
          -0.68313396,
          0,
          0.0119396355,
          0.6832253,
          0.73011005,
          0,
          -24.611624,
          4.3798194,
          5.278601,
          1
        ]
      },
      {
        "date" : 804675616.217398,
        "title" : "Untitled",
        "transform" : [
          0.9998663,
          -2.914013e-09,
          -0.016351001,
          0,
          -0.011171424,
          0.7302076,
          -0.68313396,
          0,
          0.0119396355,
          0.6832253,
          0.73011005,
          0,
          -18.817516,
          12.92217,
          11.098542,
          1
        ]
      },
      {
        "date" : 804675611.681947,
        "title" : "Untitled",
        "transform" : [
          0.9998663,
          -2.914013e-09,
          -0.016351001,
          0,
          -0.011171424,
          0.7302076,
          -0.68313396,
          0,
          0.0119396355,
          0.6832253,
          0.73011005,
          0,
          -18.694717,
          19.94551,
          18.603796,
          1
        ]
      },
      {
        "date" : 804670697.751311,
        "title" : "Untitled",
        "transform" : [
          0.9998663,
          -2.914013e-09,
          -0.016351001,
          0,
          -0.011171424,
          0.7302076,
          -0.68313396,
          0,
          0.0119396355,
          0.6832253,
          0.73011005,
          0,
          -12.496282,
          16.260246,
          16.149937,
          1
        ]
      }
    ],
    "4CAC1762-29ED-4E23-9175-6B6D1511DFA1" : [
      {
        "date" : 804675642.659801,
        "title" : "Untitled",
        "transform" : [
          0.44847098,
          -1.0265207e-08,
          -0.8937974,
          0,
          -0.22403556,
          0.9680762,
          -0.11241181,
          0,
          0.8652641,
          0.25065574,
          0.43415397,
          0,
          -13.91561,
          3.7928972,
          5.981324,
          1
        ]
      },
      {
        "date" : 804675630.525948,
        "title" : "Untitled",
        "transform" : [
          0.59760195,
          -5.0713242e-09,
          -0.8017929,
          0,
          -0.35367405,
          0.897456,
          -0.26360455,
          0,
          0.719574,
          0.4411039,
          0.53632134,
          0,
          -16.120174,
          6.674727,
          7.5273004,
          1
        ]
      },
      {
        "date" : 804670861.128619,
        "title" : "Untitled",
        "transform" : [
          0.5546484,
          -5.0713242e-09,
          -0.8320848,
          0,
          -0.3670359,
          0.897456,
          -0.24465759,
          0,
          0.7467596,
          0.4411039,
          0.49777243,
          0,
          -20.194754,
          4.024896,
          3.9537532,
          1
        ]
      },
      {
        "date" : 804670825.236269,
        "title" : "Untitled",
        "transform" : [
          0.55464846,
          -5.0713247e-09,
          -0.8320849,
          0,
          -0.3670359,
          0.897456,
          -0.24465759,
          0,
          0.7467596,
          0.4411039,
          0.49777243,
          0,
          -24.978777,
          1.1990067,
          0.7648273,
          1
        ]
      },
      {
        "date" : 804670818.239246,
        "title" : "Untitled",
        "transform" : [
          0.9460407,
          -1.3256688e-08,
          0.32404798,
          0,
          0.2560769,
          0.61279243,
          -0.7476028,
          0,
          -0.19857402,
          0.7902438,
          0.57972664,
          0,
          -27.548363,
          2.1480348,
          0.98761773,
          1
        ]
      },
      {
        "date" : 804670812.321766,
        "title" : "Untitled",
        "transform" : [
          0.9460407,
          -1.3256688e-08,
          0.32404798,
          0,
          0.2560769,
          0.61279243,
          -0.7476028,
          0,
          -0.19857402,
          0.7902438,
          0.57972664,
          0,
          -25.951601,
          17.042818,
          7.7738085,
          1
        ]
      },
      {
        "date" : 804670808.129086,
        "title" : "Untitled",
        "transform" : [
          0.9460407,
          -1.3256688e-08,
          0.32404798,
          0,
          0.2560769,
          0.61279243,
          -0.7476028,
          0,
          -0.19857402,
          0.7902438,
          0.57972664,
          0,
          -23.466606,
          17.412645,
          12.9795475,
          1
        ]
      },
      {
        "date" : 804670804.054118,
        "title" : "Untitled",
        "transform" : [
          0.9460407,
          -1.3256688e-08,
          0.32404798,
          0,
          0.2560769,
          0.61279243,
          -0.7476028,
          0,
          -0.19857402,
          0.7902438,
          0.57972664,
          0,
          -9.539698,
          19.266373,
          11.482618,
          1
        ]
      },
      {
        "date" : 804670795.453221,
        "title" : "Untitled",
        "transform" : [
          0.9249113,
          -1.3202317e-08,
          0.38018295,
          0,
          0.27251616,
          0.69727594,
          -0.662979,
          0,
          -0.26509228,
          0.7168027,
          0.6449185,
          0,
          -2.172912,
          4.4334855,
          3.3850524,
          1
        ]
      },
      {
        "date" : 804670790.870829,
        "title" : "Untitled",
        "transform" : [
          0.999883,
          -1.32307205e-08,
          0.015299018,
          0,
          0.012028999,
          0.61788946,
          -0.78617287,
          0,
          -0.009452953,
          0.7862649,
          0.6178172,
          0,
          -1.6713156,
          10.396165,
          7.446498,
          1
        ]
      }
    ],
    "561C32B3-DFBD-4791-9534-E00AA01D8E9D" : [
      {
        "date" : 804670677.887541,
        "title" : "Untitled",
        "transform" : [
          1,
          0,
          0,
          0,
          0,
          0.7071069,
          -0.70710677,
          0,
          0,
          0.70710677,
          0.7071069,
          0,
          0,
          56.280254,
          56.280266,
          1
        ]
      },
      {
        "date" : 804670620.246388,
        "title" : "Untitled",
        "transform" : [
          1,
          0,
          0,
          0,
          0,
          0.7071069,
          -0.70710677,
          0,
          0,
          0.70710677,
          0.7071069,
          0,
          0,
          118.10293,
          118.10296,
          1
        ]
      }
    ],
    "790C65C5-EFE5-4531-BFC1-4BA564D78965" : [
      {
        "date" : 804739502.130408,
        "title" : "Untitled",
        "transform" : [
          0.31387025,
          -1.7015003e-08,
          0.9494659,
          0,
          0.14274178,
          0.9886346,
          -0.047186956,
          0,
          -0.9386748,
          0.15033904,
          0.31030303,
          0,
          -2.4276946,
          0.38882187,
          0.80253667,
          1
        ]
      }
    ],
    "8226F3B9-CF5B-45EF-B8A6-1BE3066E991A" : [
      {
        "date" : 804670328.185027,
        "title" : "Untitled",
        "transform" : [
          0.26941296,
          9.509334e-09,
          0.9630248,
          0,
          0.823387,
          0.5186266,
          -0.23034824,
          0,
          -0.49945045,
          0.8550007,
          0.13972476,
          0,
          -5.504196,
          13.07667,
          31.156551,
          1
        ]
      },
      {
        "date" : 804670234.998369,
        "title" : "Untitled",
        "transform" : [
          0.26941296,
          9.509334e-09,
          0.9630248,
          0,
          0.823387,
          0.5186266,
          -0.23034824,
          0,
          -0.49945045,
          0.8550007,
          0.13972476,
          0,
          -9.257849,
          19.502665,
          32.206776,
          1
        ]
      },
      {
        "date" : 804670202.810235,
        "title" : "Untitled",
        "transform" : [
          0.26941296,
          9.509334e-09,
          0.9630248,
          0,
          0.823387,
          0.5186266,
          -0.23034824,
          0,
          -0.49945045,
          0.8550007,
          0.13972476,
          0,
          -4.2859855,
          10.990883,
          30.81568,
          1
        ]
      },
      {
        "date" : 804670193.179622,
        "title" : "Untitled",
        "transform" : [
          0.26941296,
          9.509334e-09,
          0.9630248,
          0,
          0.823387,
          0.5186266,
          -0.23034824,
          0,
          -0.49945045,
          0.8550007,
          0.13972476,
          0,
          -2.7954116,
          9.597606,
          11.322321,
          1
        ]
      },
      {
        "date" : 804670189.258466,
        "title" : "Untitled",
        "transform" : [
          0.26941296,
          9.509334e-09,
          0.9630248,
          0,
          0.823387,
          0.5186266,
          -0.23034824,
          0,
          -0.49945045,
          0.8550007,
          0.13972476,
          0,
          -3.8137836,
          7.7820606,
          18.79176,
          1
        ]
      },
      {
        "date" : 804670187.055751,
        "title" : "Untitled",
        "transform" : [
          0.26941296,
          9.509334e-09,
          0.9630248,
          0,
          0.823387,
          0.5186266,
          -0.23034824,
          0,
          -0.49945045,
          0.8550007,
          0.13972476,
          0,
          -2.2205424,
          9.6540985,
          13.03153,
          1
        ]
      },
      {
        "date" : 804669802.524319,
        "title" : "Untitled",
        "transform" : [
          0.26941296,
          9.509334e-09,
          0.9630248,
          0,
          0.823387,
          0.5186266,
          -0.23034824,
          0,
          -0.49945045,
          0.8550007,
          0.13972476,
          0,
          -9.855187,
          34.203728,
          15.9413185,
          1
        ]
      },
      {
        "date" : 804669801.201501,
        "title" : "Untitled",
        "transform" : [
          0.26941296,
          9.509334e-09,
          0.9630248,
          0,
          0.823387,
          0.5186266,
          -0.23034824,
          0,
          -0.49945045,
          0.8550007,
          0.13972476,
          0,
          -10.004805,
          30.655209,
          37.12054,
          1
        ]
      },
      {
        "date" : 804669794.682135,
        "title" : "Untitled",
        "transform" : [
          0.26941296,
          9.509334e-09,
          0.9630248,
          0,
          0.823387,
          0.5186266,
          -0.23034824,
          0,
          -0.49945045,
          0.8550007,
          0.13972476,
          0,
          -3.9025655,
          20.20875,
          35.413235,
          1
        ]
      },
      {
        "date" : 804669712.953127,
        "title" : "Untitled",
        "transform" : [
          0.26941296,
          9.509334e-09,
          0.9630248,
          0,
          0.823387,
          0.5186266,
          -0.23034824,
          0,
          -0.49945045,
          0.8550007,
          0.13972476,
          0,
          -7.502066,
          22.028757,
          11.409733,
          1
        ]
      }
    ],
    "824BA8AB-1A3E-46C7-9D3C-0C737CDDD218" : [
      {
        "date" : 804671343.658332,
        "title" : "Untitled",
        "transform" : [
          0.96202743,
          -2.4152012e-09,
          0.272953,
          0,
          0.11703346,
          0.9034147,
          -0.41248643,
          0,
          -0.24658972,
          0.42876786,
          0.8691097,
          0,
          0.550057,
          0.95766324,
          3.228718,
          1
        ]
      },
      {
        "date" : 804671293.410981,
        "title" : "Untitled",
        "transform" : [
          0.5243778,
          -2.8054097e-09,
          -0.85148567,
          0,
          -0.45653224,
          0.8441167,
          -0.28115022,
          0,
          0.7187533,
          0.5361596,
          0.44263604,
          0,
          0.75799143,
          0.31703362,
          0.066651165,
          1
        ]
      }
    ],
    "868BC840-600A-4D32-9FA5-42D80D1E8B45" : [
      {
        "date" : 804668036.100994,
        "title" : "Untitled",
        "transform" : [
          1,
          0,
          0,
          0,
          0,
          0.7071069,
          -0.70710677,
          0,
          0,
          0.70710677,
          0.7071069,
          0,
          0,
          26.854753,
          26.854753,
          1
        ]
      },
      {
        "date" : 804667601.596069,
        "title" : "Untitled",
        "transform" : [
          1,
          0,
          0,
          0,
          0,
          0.7071069,
          -0.70710677,
          0,
          0,
          0.70710677,
          0.7071069,
          0,
          0,
          13.608508,
          13.608508,
          1
        ]
      },
      {
        "date" : 804667590.912323,
        "title" : "Untitled",
        "transform" : [
          1,
          0,
          0,
          0,
          0,
          0.7071069,
          -0.70710677,
          0,
          0,
          0.70710677,
          0.7071069,
          0,
          0,
          26.32878,
          26.32878,
          1
        ]
      }
    ],
    "9FB26BB4-7CD6-4AEC-AAE1-5BE41BCA5908" : [
      {
        "date" : 804670374.679163,
        "title" : "Untitled",
        "transform" : [
          0.9999727,
          0,
          0.007385188,
          0,
          0.005222116,
          0.7071069,
          -0.70708746,
          0,
          -0.005222117,
          0.70710677,
          0.7070876,
          0,
          0.27221012,
          13.970879,
          47.921783,
          1
        ]
      },
      {
        "date" : 804670368.259119,
        "title" : "Untitled",
        "transform" : [
          0.9999727,
          0,
          0.007385188,
          0,
          0.005222116,
          0.7071069,
          -0.70708746,
          0,
          -0.005222117,
          0.70710677,
          0.7070876,
          0,
          4.5758066,
          31.2454,
          30.678574,
          1
        ]
      },
      {
        "date" : 804670363.996187,
        "title" : "Untitled",
        "transform" : [
          0.9999727,
          0,
          0.007385188,
          0,
          0.005222116,
          0.7071069,
          -0.70708746,
          0,
          -0.005222117,
          0.70710677,
          0.7070876,
          0,
          -4.8454247,
          16.736805,
          25.082602,
          1
        ]
      },
      {
        "date" : 804670358.976321,
        "title" : "Untitled",
        "transform" : [
          0.9999727,
          0,
          0.007385188,
          0,
          0.005222116,
          0.7071069,
          -0.70708746,
          0,
          -0.005222117,
          0.70710677,
          0.7070876,
          0,
          2.8715963,
          12.076203,
          7.6710773,
          1
        ]
      },
      {
        "date" : 804670347.775913,
        "title" : "Untitled",
        "transform" : [
          0.9999727,
          0,
          0.007385188,
          0,
          0.005222116,
          0.7071069,
          -0.70708746,
          0,
          -0.005222117,
          0.70710677,
          0.7070876,
          0,
          71.94242,
          302.54645,
          192.18437,
          1
        ]
      },
      {
        "date" : 804670323.422143,
        "title" : "Untitled",
        "transform" : [
          0.9999727,
          0,
          0.007385188,
          0,
          0.005222116,
          0.7071069,
          -0.70708746,
          0,
          -0.005222117,
          0.70710677,
          0.7070876,
          0,
          47.43335,
          199.47609,
          126.71173,
          1
        ]
      },
      {
        "date" : 804670319.813675,
        "title" : "Untitled",
        "transform" : [
          0.9999727,
          0,
          0.007385188,
          0,
          0.005222116,
          0.7071069,
          -0.70708746,
          0,
          -0.005222117,
          0.70710677,
          0.7070876,
          0,
          -0.43360737,
          58.713116,
          58.711514,
          1
        ]
      }
    ],
    "B361D3BE-B5BA-4BD6-8409-1EA09FB3537E" : [
      {
        "date" : 804668560.272073,
        "title" : "Untitled",
        "transform" : [
          0.986867,
          3.049192e-10,
          -0.16153476,
          0,
          -0.12122703,
          0.6609043,
          -0.7406144,
          0,
          0.10675901,
          0.75047034,
          0.65222466,
          0,
          6.39666,
          44.965797,
          39.079227,
          1
        ]
      },
      {
        "date" : 804668539.492146,
        "title" : "Untitled",
        "transform" : [
          1,
          0,
          0,
          0,
          0,
          0.7071069,
          -0.70710677,
          0,
          0,
          0.70710677,
          0.7071069,
          0,
          0,
          42.36759,
          42.367596,
          1
        ]
      }
    ],
    "B54B002E-0933-4752-82CC-8D50C0D32679" : [
      {
        "date" : 804667722.758827,
        "title" : "Untitled",
        "transform" : [
          0.99968845,
          -3.0462632e-09,
          -0.024958147,
          0,
          -0.013132492,
          0.85037285,
          -0.5260166,
          0,
          0.021223735,
          0.5261805,
          0.85010797,
          0,
          0.74423814,
          18.451216,
          29.810162,
          1
        ]
      },
      {
        "date" : 804667709.106246,
        "title" : "Untitled",
        "transform" : [
          0.96259105,
          -2.9270018e-09,
          -0.2709584,
          0,
          -0.09502144,
          0.936493,
          -0.33756766,
          0,
          0.25375062,
          0.35068643,
          0.9014597,
          0,
          5.769881,
          7.974046,
          20.497744,
          1
        ]
      },
      {
        "date" : 804667674.900342,
        "title" : "Untitled",
        "transform" : [
          0.96259105,
          -2.9270018e-09,
          -0.2709584,
          0,
          -0.09502144,
          0.936493,
          -0.33756766,
          0,
          0.25375065,
          0.35068646,
          0.9014598,
          0,
          6.4215426,
          8.874651,
          22.8128,
          1
        ]
      },
      {
        "date" : 804667611.062761,
        "title" : "Untitled",
        "transform" : [
          0.9999408,
          0,
          0.010879302,
          0,
          0.0076928274,
          0.7071068,
          -0.70706487,
          0,
          -0.0076928297,
          0.70710677,
          0.70706505,
          0,
          -0.28787094,
          26.46042,
          26.458858,
          1
        ]
      }
    ],
    "BEACD9B4-3A05-4E46-9676-408731EE9E07" : [
      {
        "date" : 804668337.991499,
        "title" : "Untitled",
        "transform" : [
          0.8004761,
          -8.192911e-09,
          0.59936464,
          0,
          0.33460817,
          0.82965845,
          -0.44688287,
          0,
          -0.49726796,
          0.5582714,
          0.6641218,
          0,
          -2.8107376,
          4.1874714,
          3.8630683,
          1
        ]
      },
      {
        "date" : 804668302.259794,
        "title" : "Untitled",
        "transform" : [
          0.66705656,
          -9.378596e-10,
          0.74500704,
          0,
          0.21620578,
          0.95696414,
          -0.19358407,
          0,
          -0.71294504,
          0.2902064,
          0.63834924,
          0,
          -2.0204375,
          1.2296368,
          1.8505727,
          1
        ]
      },
      {
        "date" : 804668237.734034,
        "title" : "Untitled",
        "transform" : [
          1,
          0,
          0,
          0,
          0,
          0.7071069,
          -0.70710677,
          0,
          0,
          0.70710677,
          0.7071069,
          0,
          0.06829047,
          5.2438016,
          4.0526595,
          1
        ]
      }
    ],
    "E509476F-4A4F-4E63-B0B6-A43961F025D9" : [
      {
        "date" : 804668668.975702,
        "title" : "Untitled",
        "transform" : [
          1,
          0,
          0,
          0,
          0,
          0.7071069,
          -0.70710677,
          0,
          0,
          0.70710677,
          0.7071069,
          0,
          -3.8069909,
          24.146803,
          11.130808,
          1
        ]
      },
      {
        "date" : 804668656.359512,
        "title" : "Untitled",
        "transform" : [
          1,
          0,
          0,
          0,
          0,
          0.7071069,
          -0.70710677,
          0,
          0,
          0.70710677,
          0.7071069,
          0,
          -0.95626885,
          3.463518,
          0.194062,
          1
        ]
      },
      {
        "date" : 804668640.054482,
        "title" : "Untitled",
        "transform" : [
          1,
          0,
          0,
          0,
          0,
          0.7071069,
          -0.70710677,
          0,
          0,
          0.70710677,
          0.7071069,
          0,
          -0.37830514,
          2.2077467,
          1.4498336,
          1
        ]
      }
    ],
    "ECA34E16-F0F0-46AA-85B8-9607E59DD404" : [
      {
        "date" : 804676243.741846,
        "title" : "Untitled",
        "transform" : [
          0.8533913,
          7.946872e-09,
          -0.52127093,
          0,
          -0.16254586,
          0.9501392,
          -0.26610968,
          0,
          0.49527985,
          0.31182608,
          0.8108405,
          0,
          0.42133868,
          0.119940266,
          0.19544858,
          1
        ]
      },
      {
        "date" : 804676219.625761,
        "title" : "Untitled",
        "transform" : [
          0.8128296,
          -2.781869e-09,
          -0.5825015,
          0,
          0.036992796,
          0.99798137,
          0.051620193,
          0,
          0.5813256,
          -0.06350678,
          0.8111889,
          0,
          0.32918203,
          0.040833548,
          0.029706728,
          1
        ]
      },
      {
        "date" : 804676194.267627,
        "title" : "Untitled",
        "transform" : [
          0.8128296,
          -2.0824746e-09,
          -0.58250153,
          0,
          0.036992826,
          0.99798155,
          0.05162018,
          0,
          0.58132553,
          -0.06350683,
          0.81118894,
          0,
          0.4038284,
          0.05672667,
          0.074310035,
          1
        ]
      },
      {
        "date" : 804676189.681011,
        "title" : "Untitled",
        "transform" : [
          0.3016507,
          -4.082134e-09,
          -0.95341855,
          0,
          -0.060885176,
          0.99795896,
          -0.019263407,
          0,
          0.95147246,
          0.06385982,
          0.30103505,
          0,
          0.45670605,
          0.07857591,
          0.0023143797,
          1
        ]
      },
      {
        "date" : 804676181.947637,
        "title" : "Untitled",
        "transform" : [
          0.941119,
          1.6109096e-09,
          0.3380757,
          0,
          0.102768384,
          0.9526783,
          -0.28608167,
          0,
          -0.3220774,
          0.3039803,
          0.8965835,
          0,
          0.303835,
          0.14169902,
          0.19375153,
          1
        ]
      },
      {
        "date" : 804676175.258135,
        "title" : "Untitled",
        "transform" : [
          0.9943259,
          2.1626567e-09,
          -0.10637753,
          0,
          -0.037025098,
          0.93747455,
          -0.34607902,
          0,
          0.099726185,
          0.34805384,
          0.93215513,
          0,
          0.34296334,
          0.08864439,
          0.073505946,
          1
        ]
      },
      {
        "date" : 804676166.882822,
        "title" : "Untitled",
        "transform" : [
          0.9943259,
          2.1626567e-09,
          -0.10637753,
          0,
          -0.037025098,
          0.93747455,
          -0.34607902,
          0,
          0.099726185,
          0.34805384,
          0.93215513,
          0,
          0.34874848,
          0.10708328,
          0.10296577,
          1
        ]
      },
      {
        "date" : 804676161.966414,
        "title" : "Untitled",
        "transform" : [
          0.9943259,
          2.1626567e-09,
          -0.10637753,
          0,
          -0.037025098,
          0.93747455,
          -0.34607902,
          0,
          0.099726185,
          0.34805384,
          0.93215513,
          0,
          0.19532016,
          0.22086549,
          0.2335076,
          1
        ]
      },
      {
        "date" : 804676158.940216,
        "title" : "Untitled",
        "transform" : [
          0.99351835,
          2.1626567e-09,
          -0.11367243,
          0,
          -0.039564118,
          0.93747455,
          -0.34579796,
          0,
          0.10656497,
          0.34805384,
          0.9313981,
          0,
          0.02607723,
          0.111111134,
          0.10753501,
          1
        ]
      },
      {
        "date" : 804676123.519761,
        "title" : "Untitled",
        "transform" : [
          0.26220647,
          -1.211677e-09,
          0.9650118,
          0,
          0.7594989,
          0.61690724,
          -0.20636588,
          0,
          -0.5953228,
          0.7870358,
          0.16175705,
          0,
          -0.15211567,
          0.41092077,
          0.12119171,
          1
        ]
      }
    ],
    "EE76206E-FC29-496B-B0FA-932275690FEE" : [
      {
        "date" : 804739598.171294,
        "title" : "Untitled",
        "transform" : [
          0.99867016,
          1.3662957e-09,
          0.051556725,
          0,
          0.044835456,
          0.49369803,
          -0.86847687,
          0,
          -0.025453474,
          0.86963344,
          0.4930414,
          0,
          -0.01252433,
          0.06778097,
          0.044878375,
          1
        ]
      },
      {
        "date" : 804739587.188403,
        "title" : "Untitled",
        "transform" : [
          0.9889781,
          -1.9103346e-09,
          0.14806218,
          0,
          0.03428234,
          0.97282547,
          -0.22898808,
          0,
          -0.14403868,
          0.23154017,
          0.962103,
          0,
          -0.06291431,
          0.09160662,
          0.4471838,
          1
        ]
      },
      {
        "date" : 804739578.314813,
        "title" : "Untitled",
        "transform" : [
          0.99998486,
          6.944495e-11,
          0.0055029374,
          0,
          0.0027294485,
          0.8683235,
          -0.49599093,
          0,
          -0.0047783297,
          0.4959985,
          0.86831033,
          0,
          -0.0019108559,
          0.19835001,
          0.34723762,
          1
        ]
      },
      {
        "date" : 804739572.688173,
        "title" : "Untitled",
        "transform" : [
          1,
          0,
          0,
          0,
          0,
          0.7071069,
          -0.70710677,
          0,
          0,
          0.70710677,
          0.7071069,
          0,
          0,
          0.2827723,
          0.2827723,
          1
        ]
      },
      {
        "date" : 804739569.365102,
        "title" : "Untitled",
        "transform" : [
          1,
          0,
          0,
          0,
          0,
          0.7071069,
          -0.70710677,
          0,
          0,
          0.70710677,
          0.7071069,
          0,
          0,
          0.40666234,
          0.40666237,
          1
        ]
      },
      {
        "date" : 804739565.32522,
        "title" : "Untitled",
        "transform" : [
          1,
          0,
          0,
          0,
          0,
          0.7071069,
          -0.70710677,
          0,
          0,
          0.70710677,
          0.7071069,
          0,
          0,
          0.5588409,
          0.55884093,
          1
        ]
      },
      {
        "date" : 804739559.263664,
        "title" : "Untitled",
        "transform" : [
          1,
          0,
          0,
          0,
          0,
          0.7071069,
          -0.70710677,
          0,
          0,
          0.70710677,
          0.7071069,
          0,
          0,
          1.71524,
          1.7152402,
          1
        ]
      },
      {
        "date" : 804739551.587865,
        "title" : "Untitled",
        "transform" : [
          1,
          0,
          0,
          0,
          0,
          0.7071069,
          -0.70710677,
          0,
          0,
          0.70710677,
          0.7071069,
          0,
          0,
          3.3835,
          3.3835006,
          1
        ]
      }
    ]
  },
  "sceneViewportBackgroundColors" : {

  },
  "selectedSceneRelativePath" : "FullImmersive.usda"
}