{
  "advancedEditorSelectedIdentifier" : "BehaviorsPluginID",
  "openSceneRelativePaths" : [
    "MedievalScene.usda",
    "Gun.usda",
    "LeftGlove.usda",
    "Goblin.usda"
  ],
  "recentIdentifiers" : {

  },
  "sceneCameraHistory" : {
    "8A221404-B681-4CDC-97B2-AE8C2D93ED11" : [
      {
        "date" : 804738956.537089,
        "title" : "Untitled",
        "transform" : [
          0.21677767,
          3.108441e-09,
          -0.9762211,
          0,
          -0.23085198,
          0.9716376,
          -0.05126252,
          0,
          0.948533,
          0.2364751,
          0.21062931,
          0,
          -8.251753,
          9.12799,
          -2.4001532,
          1
        ]
      },
      {
        "date" : 804677795.711533,
        "title" : "Untitled",
        "transform" : [
          -0.09787214,
          7.4245055e-11,
          0.995199,
          0,
          0.7391121,
          0.6696492,
          0.07268744,
          0,
          -0.66643417,
          0.74267757,
          -0.065540045,
          0,
          -9.522767,
          8.139657,
          -2.4847114,
          1
        ]
      },
      {
        "date" : 804677788.379867,
        "title" : "Untitled",
        "transform" : [
          -0.35146433,
          -2.4171225e-09,
          0.9362013,
          0,
          0.5264673,
          0.82690334,
          0.19764389,
          0,
          -0.7741479,
          0.56234413,
          -0.29062703,
          0,
          -10.108292,
          5.59763,
          -5.4405737,
          1
        ]
      },
      {
        "date" : 804677785.979103,
        "title" : "Untitled",
        "transform" : [
          0.40215018,
          9.489019e-09,
          0.9155737,
          0,
          0.9070577,
          0.13607408,
          -0.39840966,
          0,
          -0.12458586,
          0.9906987,
          0.05472221,
          0,
          -3.7876408,
          12.196896,
          -0.019187825,
          1
        ]
      },
      {
        "date" : 804672801.510485,
        "title" : "Untitled",
        "transform" : [
          1,
          0,
          0,
          0,
          0,
          0.7071069,
          -0.70710677,
          0,
          0,
          0.70710677,
          0.7071069,
          0,
          -22.24203,
          6.4819374,
          5.4665356,
          1
        ]
      },
      {
        "date" : 804672796.022699,
        "title" : "Untitled",
        "transform" : [
          1,
          0,
          0,
          0,
          0,
          0.7071069,
          -0.70710677,
          0,
          0,
          0.70710677,
          0.7071069,
          0,
          -19.073263,
          15.148256,
          10.908405,
          1
        ]
      },
      {
        "date" : 804672790.922502,
        "title" : "Untitled",
        "transform" : [
          1,
          0,
          0,
          0,
          0,
          0.7071069,
          -0.70710677,
          0,
          0,
          0.70710677,
          0.7071069,
          0,
          -22.909771,
          4.5878124,
          3.0176263,
          1
        ]
      }
    ],
    "8C3E5629-68B1-45A7-B48A-25637E76D90A" : [
      {
        "date" : 804739635.485425,
        "title" : "Untitled",
        "transform" : [
          0.28546652,
          1.9931665e-09,
          0.9583887,
          0,
          0.24969305,
          0.9654647,
          -0.0743738,
          0,
          -0.92529047,
          0.2605342,
          0.27560785,
          0,
          -15.812339,
          4.4522834,
          4.7098775,
          1
        ]
      },
      {
        "date" : 804739624.735873,
        "title" : "Untitled",
        "transform" : [
          1,
          0,
          0,
          0,
          0,
          0.7071069,
          -0.70710677,
          0,
          0,
          0.70710677,
          0.7071069,
          0,
          0,
          12.083786,
          12.083787,
          1
        ]
      }
    ],
    "93AFBA1A-33EA-47EC-81D7-AFBD802DC7CA" : [
      {
        "date" : 804677403.603399,
        "title" : "Untitled",
        "transform" : [
          0.88026774,
          -7.758396e-09,
          0.47447738,
          0,
          0.042522684,
          0.99597603,
          -0.07888958,
          0,
          -0.47256806,
          0.08962004,
          0.8767256,
          0,
          0.11986706,
          0.070040226,
          0.31260094,
          1
        ]
      },
      {
        "date" : 804676786.725779,
        "title" : "Untitled",
        "transform" : [
          0.9912562,
          4.9186704e-09,
          0.1319516,
          0,
          0.120071456,
          0.414683,
          -0.9020093,
          0,
          -0.054718092,
          0.90996593,
          0.4110571,
          0,
          0.27032337,
          0.3733538,
          0.15289019,
          1
        ]
      },
      {
        "date" : 804676783.91318,
        "title" : "Untitled",
        "transform" : [
          0.9912562,
          4.9186704e-09,
          0.1319516,
          0,
          0.120071456,
          0.414683,
          -0.9020093,
          0,
          -0.054718092,
          0.90996593,
          0.4110571,
          0,
          0.30808663,
          0.07372403,
          0.0120431185,
          1
        ]
      },
      {
        "date" : 804676680.624921,
        "title" : "Untitled",
        "transform" : [
          0.9912562,
          -1.6018884e-09,
          0.13195159,
          0,
          0.12007145,
          0.41468307,
          -0.90200937,
          0,
          -0.05471809,
          0.90996593,
          0.4110572,
          0,
          -0.14151739,
          2.3534448,
          1.063117,
          1
        ]
      }
    ]
  },
  "sceneViewportBackgroundColors" : {

  },
  "selectedSceneRelativePath" : "Goblin.usda"
}